10 9 8 7 6 5 4 3 2 1 
0  =  9
0 = 99 9 8 7 6 5 4 3 2 1 
1  =  10
9 10 8 7 6 5 4 3 2 1 
0  =  8
0 = 88 10 8 7 6 5 4 3 2 1 
1  =  9
2  =  10
8 9 10 7 6 5 4 3 2 1 
0  =  6
0 = 66 9 10 7 6 5 4 3 2 1 
1  =  7
6 7 10 7 6 5 4 3 2 1 
0  =  6
6 7 10 7 6 5 4 3 2 1 
6 7 10 7 6 5 4 3 2 1 
1  =  7
6 7 10 7 6 5 4 3 2 1 
6 7 10 7 6 5 4 3 2 1 
2  =  7
2 = 76 7 7 7 6 5 4 3 2 1 
6 7 7 7 6 5 4 3 2 1 
3  =  6
3 = 66 7 7 6 6 5 4 3 2 1 
4  =  10
6 7 7 6 10 5 4 3 2 1 
0  =  4
0 = 44 7 7 6 10 5 4 3 2 1 
1  =  5
4 5 7 6 10 5 4 3 2 1 
0  =  3
0 = 33 5 7 6 10 5 4 3 2 1 
1  =  5
2  =  4
3 5 4 6 10 5 4 3 2 1 
0  =  1
0 = 11 5 4 6 10 5 4 3 2 1 
1  =  2
1 2 4 6 10 5 4 3 2 1 
0  =  2
0 = 22 2 4 6 10 5 4 3 2 1 
2 2 4 6 10 5 4 3 2 1 
1  =  1
1 = 12 1 4 6 10 5 4 3 2 1 
2  =  5
3  =  4
4  =  3
2 1 5 4 3 5 4 3 2 1 
0  =  2
2 1 5 4 3 5 4 3 2 1 
2 1 5 4 3 5 4 3 2 1 
1  =  1
2 1 5 4 3 5 4 3 2 1 
2 1 5 4 3 5 4 3 2 1 
2  =  5
2 1 5 4 3 5 4 3 2 1 
2 1 5 4 3 5 4 3 2 1 
3  =  4
2 1 5 4 3 5 4 3 2 1 
2 1 5 4 3 5 4 3 2 1 
4  =  3
2 1 5 4 3 5 4 3 2 1 
5  =  5
6  =  4
7  =  3
8  =  2
9  =  1
2 1 5 4 3 5 4 3 2 1 